81
54 70
82 84 56
25 96 66 13
42 13 40 80 78
79 39 49 32 47 48
3 62 16 82 52 15 90
76 86 11 45 24 78 53 95
98 29 51 5 46 83 35 18 77
49 34 68 67 47 23 58 93 80 55
13 60 87 77 28 40 31 62 78 30 63
44 47 75 6 93 10 40 55 3 51 42 92
54 54 83 5 89 3 98 57 30 76 68 32 68
43 54 26 73 73 1 66 6 25 58 57 21 16 6
54 87 36 79 19 45 69 42 89 26 50 97 82 82 99
44 83 63 83 39 87 65 22 97 68 71 8 39 5 4 6
67 59 30 45 7 78 43 64 68 78 27 60 97 5 59 53 59
42 47 66 63 92 37 66 3 42 2 21 91 95 50 4 78 53 67
30 83 71 5 25 28 27 8 7 81 81 97 27 22 49 34 97 27 36
5 14 91 88 48 27 84 98 5 2 31 91 80 71 90 74 67 26 97 17
49 39 88 18 3 76 41 48 17 99 52 85 25 27 77 69 54 1 24 75 39
82 5 88 68 32 3 73 57 53 8 82 15 26 40 80 21 70 37 23 42 31 72
37 86 22 61 67 15 84 89 92 46 18 25 99 89 71 73 90 65 79 5 39 63 21
55 61 76 23 1 14 17 63 10 3 3 68 74 12 70 4 58 15 15 99 16 80 21 89
25 18 22 61 30 18 71 59 57 41 35 68 85 68 97 76 7 90 14 57 39 46 52 69 73
16 32 14 99 44 1 30 8 2 76 10 48 87 81 89 23 79 51 52 16 33 50 67 3 74 63
32 3 99 7 56 38 72 7 59 50 23 70 20 68 26 90 45 69 1 12 86 5 12 68 27 60 77
54 68 84 32 66 8 74 77 23 84 11 3 93 55 91 53 95 85 62 19 53 48 68 5 9 90 17 20
21 29 72 11 86 11 7 48 26 31 24 87 95 52 79 56 19 32 82 62 14 6 62 41 95 50 75 19 88
39 3 19 97 27 48 83 9 20 65 81 40 80 56 74 7 38 94 16 81 16 14 36 87 87 80 39 33 32 11
94 36 8 23 15 20 86 40 49 91 29 95 64 26 7 11 7 81 34 52 49 52 93 49 52 81 49 84 35 45 61
44 51 67 94 26 75 25 54 73 98 59 56 18 79 75 61 53 59 27 32 45 61 38 38 91 30 54 27 90 22 53 44
55 29 59 63 69 2 38 64 76 69 68 40 28 83 66 76 93 99 89 9 20 86 9 54 40 74 17 85 94 68 63 51 83
42 11 94 15 34 22 49 72 25 70 76 84 70 45 8 31 15 91 19 96 33 68 51 36 94 4 73 85 81 7 84 61 41 79
46 49 66 92 98 18 30 53 86 30 91 40 75 69 61 77 8 54 26 11 95 40 44 57 39 48 27 34 63 50 86 45 5 8 16
3 52 48 47 63 25 10 73 8 33 87 23 11 40 62 43 98 3 58 19 6 2 88 39 47 83 66 88 45 90 38 1 93 74 1 45
54 81 85 94 77 16 25 14 73 88 59 29 98 62 24 78 28 73 24 46 50 89 30 91 6 17 16 57 40 57 72 51 91 49 41 11 86
3 47 3 19 83 69 62 54 92 40 27 68 89 3 62 30 37 4 21 17 65 33 30 59 88 91 43 83 45 75 35 18 14 51 43 44 59 34
5 78 22 38 1 39 85 52 27 96 88 54 81 74 10 83 36 13 47 79 20 73 90 75 85 87 43 50 73 85 72 10 14 89 70 42 5 85 57
3 69 87 92 91 66 88 47 40 88 90 53 95 59 83 48 91 66 43 65 35 52 2 42 92 21 83 56 99 54 21 18 74 53 98 28 11 36 94 60
19 59 91 36 54 53 73 25 54 50 87 77 78 71 60 66 36 77 64 39 45 90 88 3 28 52 15 29 23 60 58 7 62 10 68 78 78 68 83 60 43
28 21 50 34 99 90 95 40 14 37 83 21 96 8 40 41 20 73 82 25 67 88 7 95 26 75 96 96 65 56 87 77 16 46 45 7 3 52 82 50 48 49
60 6 79 13 82 61 15 92 30 26 40 57 92 24 13 18 90 48 81 63 75 79 31 7 45 66 38 92 44 32 83 4 3 17 89 70 52 4 39 16 87 60 9
7 88 13 36 36 27 65 52 13 13 25 59 70 83 67 78 30 60 30 35 61 35 60 63 74 21 28 11 58 76 89 61 33 91 86 59 62 91 40 34 91 8 12 48
49 91 47 67 73 40 53 32 86 48 94 93 61 18 36 47 47 48 72 90 26 1 83 73 16 55 39 42 86 30 33 69 91 66 84 56 65 24 37 19 85 83 69 10 92
61 59 97 21 88 73 26 66 29 55 96 19 10 58 4 41 78 20 33 82 67 41 27 51 50 87 66 5 19 11 37 23 71 90 9 60 60 85 4 10 87 30 66 54 50 29
97 95 46 62 81 28 76 17 85 27 62 17 92 68 54 70 65 49 50 19 52 89 99 69 43 61 33 1 36 98 57 21 14 57 49 93 62 76 43 57 39 62 96 82 68 74 1
24 91 21 64 52 14 55 11 42 92 84 25 97 37 28 31 91 6 21 32 76 79 70 94 21 16 41 84 45 5 28 47 81 33 70 57 76 13 95 18 72 16 60 25 40 21 25 60
33 28 53 36 6 73 40 76 18 40 2 78 74 92 67 16 31 25 29 17 13 45 44 92 26 73 16 19 34 72 6 55 66 14 44 84 47 8 84 92 34 75 42 91 76 4 6 49 68
57 46 97 25 56 35 35 10 82 73 44 50 67 69 19 5 86 30 72 63 66 42 12 57 84 37 40 30 76 53 36 54 49 85 96 94 63 96 12 78 61 5 53 57 32 72 47 76 61 73
99 29 39 66 81 14 58 53 58 7 28 67 79 62 78 12 83 2 97 53 23 71 70 69 84 89 69 56 30 23 62 89 59 90 18 26 47 54 20 58 71 82 60 98 94 80 35 87 52 86 15
71 46 8 16 90 56 7 20 17 61 91 75 65 62 40 4 97 86 79 62 16 50 93 31 93 35 97 89 52 31 82 24 92 40 94 37 73 80 76 73 53 16 62 83 83 33 47 12 14 45 28 22
7 87 63 10 65 63 49 20 89 14 70 30 52 50 48 79 22 29 66 53 99 28 33 6 62 96 54 73 58 96 63 31 60 92 97 60 23 97 30 86 34 20 51 93 19 57 4 83 92 29 94 38 28
48 17 2 29 54 13 89 67 60 79 79 74 18 63 30 56 17 93 87 62 3 79 44 26 74 5 22 80 8 73 34 77 28 72 95 9 86 95 97 23 40 65 90 72 97 93 62 42 77 83 90 83 99 93
26 84 51 14 60 29 32 59 85 13 23 47 42 62 92 53 52 3 2 57 40 16 20 49 43 25 43 72 52 55 24 36 48 50 87 4 17 77 77 42 21 51 81 94 47 44 59 89 71 51 70 8 39 43 22
96 95 15 30 10 20 17 89 46 91 65 47 52 82 11 10 27 72 95 93 53 28 49 17 95 32 72 81 38 49 18 6 97 44 8 71 89 5 31 23 57 10 27 85 15 20 68 62 95 72 56 3 23 68 21 70
22 43 47 36 19 30 34 61 50 12 85 94 43 48 81 35 55 6 49 72 80 33 67 39 92 34 66 47 25 33 88 63 62 51 90 63 14 60 29 46 91 12 98 55 93 8 5 69 54 35 29 8 37 32 35 8 35
65 1 23 70 6 1 10 88 77 39 58 34 36 95 13 89 60 63 30 80 60 82 72 89 80 39 67 12 41 63 65 32 53 16 24 93 38 35 40 12 28 90 42 14 39 60 6 88 59 78 26 19 94 32 11 84 57 78
75 28 70 96 31 72 88 32 88 17 68 5 11 89 65 5 1 26 80 80 73 88 20 48 49 83 15 63 7 23 70 38 12 51 30 7 15 43 79 93 58 7 93 96 63 37 75 26 91 30 82 75 90 17 60 27 25 90 97
15 39 54 35 84 8 48 90 36 48 5 86 2 50 22 30 33 43 24 44 43 48 55 8 62 58 21 75 15 50 85 2 89 14 42 79 41 94 38 16 85 9 90 57 82 63 9 6 30 6 36 44 54 3 20 20 78 50 57 2
42 58 73 67 15 1 78 18 15 71 60 35 6 90 57 63 80 61 70 60 4 19 40 47 73 38 15 6 39 44 46 36 66 13 51 19 91 66 72 72 61 38 4 71 59 51 45 36 84 43 81 89 68 1 75 35 64 68 28 30 61
38 27 15 81 32 54 16 65 53 43 23 84 15 11 57 32 44 98 73 30 19 89 71 70 23 75 22 11 61 85 95 92 64 57 73 65 74 48 29 48 73 97 36 96 80 59 34 43 81 30 81 53 80 32 71 15 73 39 18 75 22 36
18 81 62 91 23 12 96 80 95 4 41 21 6 65 78 66 27 60 70 55 42 4 30 57 80 12 76 86 93 71 5 76 88 34 64 75 38 43 78 45 43 14 38 21 76 57 68 14 54 49 25 32 61 31 38 4 45 51 41 69 35 86 2
22 39 18 40 34 16 19 41 32 25 76 46 6 17 66 31 83 25 65 93 74 67 31 87 29 13 88 31 32 74 86 93 44 40 79 27 1 96 25 8 51 52 13 39 5 99 96 6 96 34 1 3 83 68 50 2 86 60 91 53 58 58 29 24
13 17 59 24 82 18 92 53 84 76 63 1 89 42 46 23 66 63 31 67 21 51 8 15 90 65 37 81 25 28 55 16 99 78 83 73 35 55 8 7 71 33 80 63 97 83 56 51 39 42 83 15 37 54 16 17 37 56 30 79 11 2 1 65 82
76 2 88 85 18 65 81 2 4 62 36 9 50 32 22 35 57 27 56 83 16 96 43 91 27 77 83 9 21 77 39 14 48 19 76 64 86 10 77 4 34 48 93 19 92 79 66 75 90 58 74 3 33 33 94 25 82 1 3 53 87 39 88 13 79 26
8 61 29 67 9 43 23 41 93 59 12 63 98 5 29 59 82 21 50 57 79 45 80 6 70 60 64 16 44 40 69 77 41 18 79 86 62 64 62 68 23 90 33 32 12 7 96 93 42 50 3 6 29 60 58 69 71 9 70 74 13 20 21 7 94 98 90
85 9 98 9 99 10 96 7 21 81 49 55 80 72 18 85 93 9 41 32 48 33 34 58 21 85 23 13 79 19 6 65 42 80 31 15 78 74 36 68 4 58 69 78 28 83 63 32 71 23 64 46 37 55 40 79 15 54 87 87 66 1 45 72 46 82 27 44
35 52 6 73 17 13 76 54 15 96 95 12 3 2 41 65 55 10 68 97 28 84 56 15 28 57 5 42 24 5 93 49 1 85 77 59 20 94 43 12 36 27 91 89 90 32 86 83 83 29 75 43 85 99 49 76 60 59 89 67 49 72 23 8 29 94 6 23 95
29 92 42 65 6 58 94 26 72 82 36 1 94 10 12 43 32 58 6 25 90 79 55 55 33 68 35 65 80 2 59 67 41 95 30 36 2 43 35 43 49 38 62 11 6 51 82 38 53 9 69 21 21 16 85 67 5 2 96 8 25 46 45 11 94 42 5 63 99 11
24 5 21 82 50 56 50 59 38 6 18 76 37 94 32 53 88 71 19 44 28 63 50 18 68 6 74 12 70 59 92 23 96 72 82 16 54 22 60 99 85 90 9 35 68 48 91 92 53 14 34 77 41 21 24 25 91 64 74 33 51 33 35 96 24 49 81 24 57 53 35
32 67 1 37 12 36 28 85 42 60 98 95 11 93 68 8 91 20 75 34 25 37 96 80 80 28 68 75 50 90 75 97 61 81 47 92 83 95 48 50 31 44 13 35 45 70 97 77 31 28 41 29 12 57 44 59 55 34 39 32 1 85 99 35 16 62 45 39 8 68 17 65
51 24 16 71 44 97 28 87 96 14 43 62 22 47 15 87 57 67 48 24 86 93 74 68 64 93 49 78 77 57 31 68 3 51 99 96 43 38 3 39 36 67 77 86 33 14 90 72 63 31 85 2 10 41 53 36 83 53 48 66 86 41 61 49 44 45 65 99 61 13 8 88 28
64 51 5 54 90 68 21 92 64 53 17 9 62 27 51 71 15 70 27 4 53 74 4 25 13 56 52 74 64 65 38 83 55 97 80 32 55 72 67 18 57 12 34 62 15 54 20 17 43 38 42 8 31 17 82 79 63 11 90 48 41 44 27 84 1 86 41 58 43 94 78 61 98 69
13 1 37 86 23 73 43 73 64 78 60 30 91 74 81 21 37 35 3 27 77 36 37 56 46 6 35 11 4 15 94 26 82 19 73 49 77 99 31 4 73 54 22 69 91 9 33 51 32 75 19 62 6 14 10 21 17 58 79 14 72 47 57 6 19 8 11 93 21 96 80 52 50 18 63
52 80 68 59 90 64 60 5 78 95 24 73 93 50 21 21 80 57 81 64 91 81 6 8 62 6 75 28 79 2 22 67 47 13 44 66 25 54 76 20 62 26 26 39 45 38 76 79 83 66 56 65 37 55 71 92 83 60 78 27 8 93 53 52 14 47 75 1 19 32 90 50 29 54 2 14
98 65 65 72 54 41 62 53 32 48 42 84 61 82 11 55 65 49 44 73 62 54 54 50 9 69 1 83 71 14 81 70 18 42 21 25 11 69 62 17 85 78 29 29 51 4 74 61 68 38 4 11 30 21 66 32 69 11 82 49 30 31 78 54 72 95 89 50 37 44 32 60 79 29 31 45 13
50 84 34 12 10 87 52 10 90 6 87 63 29 34 55 86 87 12 60 26 49 26 78 9 60 16 33 38 92 1 72 74 53 59 73 14 98 52 89 13 94 96 9 17 35 16 6 65 91 26 28 83 92 20 76 34 42 59 57 20 99 89 43 52 9 79 79 67 22 8 46 9 56 59 18 91 50 97
2 46 90 28 73 57 97 23 21 14 27 28 96 26 79 40 51 84 10 20 22 95 52 57 62 66 77 89 43 39 88 38 78 77 75 19 66 26 98 90 99 20 41 31 27 42 31 40 10 67 96 70 63 28 81 80 63 78 39 31 93 77 68 49 56 24 27 77 89 6 37 42 23 32 88 3 38 96 63
8 31 42 68 15 93 72 44 22 55 35 76 98 6 98 23 45 93 96 65 27 91 59 23 76 48 20 96 86 44 43 22 69 14 83 39 88 6 55 28 50 88 59 36 42 1 97 82 93 90 15 82 98 17 45 26 12 74 1 81 69 67 15 65 27 60 70 10 10 1 59 82 84 1 83 55 31 21 59 16
63 22 46 15 91 4 96 74 88 36 13 27 99 51 98 71 22 79 18 66 37 59 45 12 92 88 98 31 34 18 73 76 5 90 38 53 4 6 7 22 98 1 34 93 19 10 34 84 65 80 9 11 14 63 84 77 72 44 30 39 57 44 46 51 41 88 6 96 47 80 39 18 51 99 53 70 20 22 27 21 20
41 29 96 68 7 54 81 96 27 16 76 71 84 86 10 30 22 47 32 65 78 37 52 70 23 53 14 15 34 89 3 55 70 21 43 46 4 81 89 44 32 82 95 47 39 34 20 32 67 23 17 38 46 33 66 81 53 67 77 68 53 7 97 88 24 98 17 67 93 54 90 68 81 88 62 25 53 59 95 82 75 89
42 77 28 54 66 29 59 60 7 9 84 23 15 8 64 68 51 78 10 24 22 84 45 19 58 71 10 56 89 74 68 64 80 36 11 7 62 92 57 69 48 37 8 56 41 72 76 84 94 57 97 58 98 75 44 15 55 21 8 18 1 90 93 91 14 28 9 81 15 53 38 82 39 33 26 50 20 28 1 36 35 77 24
6 47 14 73 85 31 10 55 99 67 86 7 90 88 12 12 40 69 59 40 37 60 77 99 1 22 21 85 67 39 51 4 80 1 12 26 1 83 44 31 67 38 53 22 26 96 62 16 86 67 17 37 88 87 69 30 41 63 20 20 40 65 23 40 36 70 6 78 95 58 85 22 7 96 34 63 27 73 33 50 20 8 59 9
9 76 42 70 41 52 81 93 77 77 46 86 99 95 68 92 20 61 38 42 4 29 21 13 56 22 35 61 3 24 52 20 85 20 61 37 81 89 49 5 40 3 9 34 73 36 71 17 43 40 65 98 19 22 22 84 56 17 28 36 88 58 74 95 36 98 74 13 34 96 69 71 56 20 99 30 28 25 28 62 49 55 63 81 12
61 13 15 32 15 9 72 50 84 1 47 1 28 8 58 20 66 35 48 52 80 21 83 16 75 52 78 42 28 35 1 51 40 70 57 22 21 33 96 78 40 43 88 1 82 71 90 97 57 9 47 63 16 15 8 91 10 40 76 29 41 57 98 15 28 81 21 56 91 60 99 52 81 2 47 22 56 23 85 52 94 73 33 54 73 21
89 52 14 17 82 29 34 29 70 33 90 18 49 65 6 53 18 87 34 47 55 46 77 25 88 50 95 53 76 51 5 38 83 41 51 24 21 52 49 76 59 66 16 7 50 70 82 38 95 30 29 51 30 71 97 97 89 90 42 9 88 80 84 48 69 93 89 45 99 20 48 53 24 9 65 95 39 32 3 66 75 8 24 87 46 23 81
59 2 77 54 48 34 6 23 6 41 52 79 87 92 46 73 17 46 19 30 32 12 94 69 62 66 75 27 24 53 20 74 37 86 8 90 11 91 5 71 32 16 27 41 46 40 9 26 10 42 46 21 58 98 72 68 89 20 77 74 82 64 32 87 47 35 93 52 95 82 71 71 21 96 87 78 22 90 64 66 91 24 89 65 6 75 52 5
39 50 80 24 53 99 79 19 58 81 42 55 9 2 2 73 91 72 66 76 14 7 45 43 11 24 10 69 5 99 80 40 23 32 10 37 51 17 13 28 60 29 56 40 65 66 89 67 88 61 7 66 31 80 95 99 73 30 59 87 97 29 58 59 8 15 62 36 59 50 18 96 30 90 8 31 43 82 88 94 34 86 55 84 3 25 23 75 55
84 57 12 29 2 35 32 97 10 79 34 67 74 52 23 51 84 55 93 3 57 14 68 85 22 77 39 22 67 33 61 2 95 95 7 40 95 23 71 24 91 55 36 49 74 14 8 81 93 75 64 29 67 3 39 75 53 40 48 43 37 79 66 33 4 52 2 78 89 67 32 86 22 10 77 2 68 61 58 33 1 91 58 51 64 58 14 13 45 88
19 76 85 58 81 66 57 9 13 65 27 70 90 28 9 13 19 99 18 72 84 6 5 43 86 42 84 23 47 67 83 84 5 44 21 38 59 28 31 79 35 27 85 7 61 33 97 53 49 49 81 27 25 30 92 76 62 50 27 11 10 43 51 95 85 69 23 35 34 9 52 10 2 33 90 78 84 62 1 15 70 21 13 38 32 18 4 16 54 70 54
60 10 97 87 95 22 6 84 54 81 32 93 35 48 69 78 95 85 3 11 64 42 70 62 31 52 67 73 77 1 1 59 53 7 66 54 59 22 28 27 34 50 45 84 16 15 30 82 66 27 14 65 27 24 35 88 86 30 13 51 18 57 86 63 8 24 49 94 50 82 67 70 56 60 74 52 75 11 8 91 89 67 50 18 51 46 91 87 85 51 34 29
93 39 72 92 61 27 84 5 27 17 69 79 31 78 93 67 66 84 62 13 97 58 59 42 83 76 25 62 72 42 34 44 69 66 47 20 54 65 49 5 59 48 27 51 81 95 2 14 15 91 43 15 11 63 41 84 57 91 54 22 73 97 13 89 96 20 97 92 60 30 7 68 9 9 81 30 22 51 34 80 94 21 40 33 50 90 65 12 28 57 15 38 64
79 7 84 76 50 41 96 55 53 20 39 37 78 19 53 93 39 42 82 51 50 6 33 66 2 97 8 46 91 3 15 59 76 10 90 25 49 17 98 17 99 6 13 29 81 60 10 78 48 73 83 19 83 37 31 63 14 5 67 44 42 76 30 29 84 26 86 37 45 51 42 84 23 33 15 17 37 49 6 16 88 89 51 78 13 96 90 2 2 12 36 59 48 12
33 70 27 71 36 46 72 9 97 70 44 4 13 26 50 24 83 50 82 2 39 83 60 69 17 44 26 54 38 95 12 19 63 4 90 57 54 2 26 21 47 99 46 77 83 66 55 31 43 95 12 31 8 43 40 96 54 89 60 83 94 45 33 16 49 28 85 64 37 99 24 79 37 35 28 11 16 54 92 11 10 88 12 38 48 34 28 74 25 2 14 97 5 84 44
43 94 7 63 72 60 66 89 32 82 57 44 66 50 13 62 38 56 88 7 47 83 45 55 61 2 21 36 77 22 80 84 52 99 10 46 50 27 45 72 40 34 88 60 93 58 96 44 37 16 11 83 57 61 55 63 73 5 47 37 65 46 1 39 48 82 10 93 25 74 62 25 75 69 55 77 80 25 13 97 78 75 3 83 30 60 37 88 87 23 60 11 31 99 11 81
39 70 69 32 78 74 55 33 36 47 28 27 67 81 98 43 43 20 63 49 79 20 19 34 43 84 63 42 1 69 96 44 89 58 31 39 82 81 90 7 60 85 68 4 86 20 19 81 12 48 76 91 62 9 65 27 17 62 38 94 12 27 38 79 96 65 84 82 27 49 52 77 23 54 46 99 28 52 49 9 56 98 12 5 84 42 19 1 9 33 91 55 13 26 10 36 68
69 24 79 35 32 42 23 16 29 80 12 9 8 3 94 91 93 50 81 95 80 30 23 59 51 48 20 74 71 63 98 42 22 6 62 12 41 60 5 13 22 75 85 52 88 47 45 91 17 2 94 48 43 24 77 89 35 85 1 67 83 26 76 71 36 39 62 38 24 20 10 99 73 41 71 11 54 64 93 58 14 27 40 62 7 37 37 47 44 98 34 70 81 45 70 93 60 12
11 91 67 35 92 23 24 98 9 28 13 32 95 64 18 34 5 29 56 2 47 26 25 65 34 27 23 74 84 41 46 30 94 5 74 32 20 61 5 43 10 44 22 71 42 69 88 34 19 40 7 30 22 10 69 45 33 37 90 23 88 81 43 27 32 94 29 61 58 55 90 86 48 24 12 62 23 4 20 9 22 2 13 56 22 35 42 83 25 39 59 27 74 60 82 15 73 20 78
88 44 98 52 21 71 46 98 7 95 65 90 55 75 62 33 13 72 26 92 93 21 9 20 62 69 7 44 56 53 34 95 81 12 35 93 11 97 63 41 11 65 88 40 90 29 96 78 68 81 75 48 95 31 85 12 71 73 58 88 50 71 7 59 33 13 96 65 19 94 86 58 57 83 14 53 16 43 59 3 33 44 85 24 90 30 53 89 9 86 7 47 38 22 49 88 32 31 63 39
